address	bytes	mnemonic	operands	instruction
00423230	83 ec 1c	SUB	ESP, 0x1c	SUB ESP,0x1c
00423233	8d 44 24 00	LEA	EAX, [ESP]	LEA EAX,[ESP]
00423237	56	PUSH	ESI	PUSH ESI
00423238	50	PUSH	EAX	PUSH EAX
00423239	33 f6	XOR	ESI, ESI	XOR ESI,ESI
0042323b	e8 30 f8 ff ff	CALL	0x00422a70	CALL 0x00422a70
00423240	8b 44 24 2c	MOV	EAX, dword ptr [ESP + 0x2c]	MOV EAX,dword ptr [ESP + 0x2c]
00423244	83 c4 04	ADD	ESP, 0x4	ADD ESP,0x4
00423247	85 c0	TEST	EAX, EAX	TEST EAX,EAX
00423249	c7 44 24 10 02 00 00 00	MOV	dword ptr [ESP + 0x10], 0x2	MOV dword ptr [ESP + 0x10],0x2
00423251	75 19	JNZ	0x0042326c	JNZ 0x0042326c
00423253	e8 d8 42 03 00	CALL	0x00457530	CALL 0x00457530
00423258	85 c0	TEST	EAX, EAX	TEST EAX,EAX
0042325a	75 05	JNZ	0x00423261	JNZ 0x00423261
0042325c	5e	POP	ESI	POP ESI
0042325d	83 c4 1c	ADD	ESP, 0x1c	ADD ESP,0x1c
00423260	c3	RET		RET
00423261	8b 00	MOV	EAX, dword ptr [EAX]	MOV EAX,dword ptr [EAX]
00423263	85 c0	TEST	EAX, EAX	TEST EAX,EAX
00423265	75 05	JNZ	0x0042326c	JNZ 0x0042326c
00423267	5e	POP	ESI	POP ESI
00423268	83 c4 1c	ADD	ESP, 0x1c	ADD ESP,0x1c
0042326b	c3	RET		RET
0042326c	8b 4c 24 24	MOV	ECX, dword ptr [ESP + 0x24]	MOV ECX,dword ptr [ESP + 0x24]
00423270	85 c9	TEST	ECX, ECX	TEST ECX,ECX
00423272	74 16	JZ	0x0042328a	JZ 0x0042328a
00423274	8d 54 24 04	LEA	EDX, [ESP + 0x4]	LEA EDX,[ESP + 0x4]
00423278	52	PUSH	EDX	PUSH EDX
00423279	8b 54 24 30	MOV	EDX, dword ptr [ESP + 0x30]	MOV EDX,dword ptr [ESP + 0x30]
0042327d	52	PUSH	EDX	PUSH EDX
0042327e	50	PUSH	EAX	PUSH EAX
0042327f	51	PUSH	ECX	PUSH ECX
00423280	e8 bb e8 ff ff	CALL	0x00421b40	CALL 0x00421b40
00423285	83 c4 10	ADD	ESP, 0x10	ADD ESP,0x10
00423288	8b f0	MOV	ESI, EAX	MOV ESI,EAX
0042328a	8b c6	MOV	EAX, ESI	MOV EAX,ESI
0042328c	5e	POP	ESI	POP ESI
0042328d	83 c4 1c	ADD	ESP, 0x1c	ADD ESP,0x1c
00423290	c3	RET		RET
